genotype X 2L 2R 3L 3R
RAL_21 1,597(1.73) 1,562(1.06) 1,387(1.09) 1,286(0.84) 2,132(1.51)
RAL_26 1,466(1.67) 2,086(1.10) 1,603(1.24) 1,624(1.07) 1,322(0.94)
RAL_28 1,151(1.29) 1,453(1.00) 1,862(1.27) 1,320(0.88) 1,086(0.79)
RAL_38 2,270(2.36) 2,228(1.45) 2,210(1.69) 8,497(5.29) 179,070(71.58)
RAL_40 2,787(2.86) 2,596(1.65) 2,307(1.77) 2,930(1.85) 2,151(1.46)
RAL_41 1,721(1.94) 1,506(0.99) 1,528(1.23) 4,136(2.74) 13,755(9.82)
RAL_42 2,003(2.20) 1,356(0.91) 1,456(1.16) 1,750(1.15) 1,261(0.88)
RAL_45 1,121(1.25) 1,319(0.91) 1,404(1.12) 1,529(1.03) 1,300(0.91)
RAL_49 6,982(8.55) 11,876(8.86) 11,012(9.40) 12,953(9.36) 13,257(9.89)
RAL_57 2,433(2.65) 2,115(1.46) 2,294(1.82) 1,996(1.32) 1,825(1.29)
RAL_59 1,447(1.71) 1,333(0.94) 1,561(1.31) 4,561(3.10) 22,064(15.43)
RAL_69 1,205(1.35) 1,340(0.90) 1,874(1.28) 26,736(17.12) 19,268(13.24)
RAL_73 1,231(1.49) 1,325(0.98) 1,570(1.27) 1,418(1.00) 1,513(1.09)
RAL_75 1,889(2.11) 1,429(0.97) 1,414(1.12) 1,445(0.97) 1,229(0.89)
RAL_83 1,118(1.30) 1,235(0.86) 1,334(1.03) 1,386(0.92) 1,227(0.89)
RAL_85 1,341(1.55) 137,719(63.94) 16,823(12.99) 1,593(1.11) 1,490(1.05)
RAL_88 1,218(1.35) 152,488(66.62) 8,132(6.28) 10,057(6.57) 18,556(12.32)
RAL_91 1,384(1.60) 1,487(1.07) 1,569(1.31) 1,611(1.12) 1,564(1.16)
RAL_93 1,085(1.22) 2,042(1.06) 1,576(1.21) 1,325(0.88) 1,304(0.94)
RAL_101 938(1.09) 138,361(64.01) 18,474(14.35) 1,076(0.73) 1,047(0.74)
RAL_105 1,165(1.32) 1,351(0.91) 1,303(1.05) 1,527(1.01) 2,024(1.20)
RAL_109 762(0.92) 103,355(56.10) 4,549(3.86) 737(0.53) 741(0.55)
RAL_129 876(0.98) 866(0.59) 972(0.78) 1,268(0.83) 888(0.62)
RAL_136 1,197(1.38) 1,457(1.02) 1,381(1.09) 146,018(64.64) 157,757(67.9)
RAL_138 2,336(2.54) 1,864(1.25) 9,085(7.08) 1,979(1.36) 2,781(1.56)
RAL_142 2,010(2.18) 5,265(3.68) 32,573(23.17) 1,504(1.01) 1,462(1.07)
RAL_149 833(0.97) 945(0.65) 1,215(0.97) 7,302(4.99) 17,626(12.24)
RAL_153 743(1.01) 731(0.65) 896(0.85) 750(0.64) 714(0.59)
RAL_158 715(0.85) 1,159(0.83) 963(0.79) 783(0.57) 814(0.61)
RAL_161 1,165(1.35) 1,747(0.93) 1,173(0.96) 1,302(0.90) 1,045(0.76)
RAL_176 2,621(2.92) 2,442(1.65) 2,679(2.08) 2,602(1.72) 2,479(1.69)
RAL_177 2,480(2.61) 1,845(1.19) 2,006(1.55) 2,173(1.42) 1,641(1.17)
RAL_181 1,857(1.97) 2,024(1.34) 1,952(1.49) 1,849(1.21) 2,471(1.66)
RAL_195 1,143(1.30) 1,333(0.92) 1,444(1.16) 1,158(0.80) 1,292(0.95)
RAL_208 3,471(3.78) 3,596(2.45) 3,490(2.76) 4,125(2.58) 3,531(2.38)
RAL_217 1,258(1.49) 1,135(0.79) 1,312(1.05) 1,241(0.86) 4,867(3.46)
RAL_227 898(0.99) 1,109(0.75) 1,217(0.98) 1,331(0.88) 1,136(0.79)
RAL_228 910(1.08) 1,005(0.68) 1,069(0.88) 1,000(0.68) 990(0.73)
RAL_229 688(0.81) 755(0.52) 813(0.65) 825(0.58) 755(0.53)
RAL_233 1,008(1.16) 1,558(0.85) 1,149(0.93) 1,252(0.86) 1,089(0.77)
RAL_235 1,416(1.54) 1,356(0.92) 1,552(1.20) 1,413(0.94) 1,037(0.74)
RAL_237 1,160(1.38) 116,117(60.16) 96,886(60.33) 1,055(0.76) 981(0.75)
RAL_239 1,082(1.24) 1,155(0.79) 1,305(1.04) 1,179(0.80) 1,055(0.76)
RAL_256 1,193(1.38) 1,223(0.85) 1,493(1.18) 1,347(0.92) 1,110(0.82)
RAL_280 1,293(1.49) 1,126(0.80) 1,330(1.05) 1,286(0.86) 1,183(0.86)
RAL_287 766(0.94) 922(0.66) 913(0.78) 1,013(0.74) 884(0.66)
RAL_301* 365(0.48) 102,124(57.33) 16,228(13.41) 669(0.49) 679(0.52)
RAL_303* 279(0.35) 412(0.31) 384(0.34) 418(0.32) 397(0.30)
RAL_304* 117(0.25) 382(0.29) 604(0.47) 290(0.23) 411(0.32)
RAL_306* 245(0.31) 336(0.25) 352(0.30) 321(0.25) 16,893(12.6)
RAL_307* 399(0.52) 576(0.43) 721(0.62) 995(0.74) 5,843(4.36)
RAL_309 991(1.12) 1,191(0.83) 1,291(1.02) 6,898(4.65) 147,825(66.22)
RAL_310 1,020(1.18) 1,045(0.70) 1,253(0.98) 1,000(0.69) 896(0.63)
RAL_313 1,778(2.03) 2,729(1.48) 1,984(1.59) 1,936(1.34) 2,161(1.54)
RAL_315* 346(0.44) 2,813(2.09) 510(0.43) 624(0.45) 563(0.43)
RAL_317 788(0.91) 705(0.50) 916(0.76) 11,215(7.59) 90,903(55.87)
RAL_318 1,160(1.34) 1,862(1.28) 1,876(1.51) 2,619(1.74) 1,630(1.17)
RAL_320 2,114(2.22) 2,183(1.37) 2,049(1.59) 2,348(1.48) 1,738(1.19)
RAL_321 3,512(3.57) 3,048(1.90) 2,733(2.06) 17,718(10.83) 52,407(30.78)
RAL_324* 358(0.47) 476(0.38) 482(0.43) 594(0.45) 405(0.32)
RAL_325 433(0.55) 8,975(7.10) 99,077(61.81) 433(0.33) 337(0.27)
RAL_332 1,820(1.96) 2,283(1.50) 2,142(1.64) 1,904(1.24) 77,693(46.29)
RAL_335* 351(0.45) 564(0.41) 446(0.39) 509(0.39) 563(0.45)
RAL_338 1,080(1.21) 142,114(64.55) 120,270(64.84) 1,546(1.07) 1,196(0.90)
RAL_350 835(0.95) 4,842(2.64) 983(0.80) 73,221(44.00) 9,801(6.94)
RAL_352 4,975(5.68) 140,940(64.69) 30,350(22.61) 1,142(0.78) 1,869(1.35)
RAL_356 1,078(1.25) 30,638(20.48) 18,040(13.98) 1,112(0.76) 963(0.71)
RAL_357 1,826(2.06) 1,769(1.22) 15,048(12.00) 1,827(1.24) 1,732(1.26)
RAL_358 2,615(2.95) 4,490(2.40) 10,245(7.99) 3,281(2.19) 3,140(2.23)
RAL_359 1,606(1.72) 2,413(1.22) 1,749(1.32) 12,421(7.93) 25,581(16.73)
RAL_360* 368(0.46) 445(0.34) 353(0.31) 11,008(8.11) 557(0.43)
RAL_362 653(0.75) 696(0.48) 669(0.55) 634(0.44) 573(0.41)
RAL_365 1,294(1.48) 1,103(0.75) 1,158(0.95) 1,370(0.89) 1,041(0.73)
RAL_367 1,016(1.18) 1,093(0.73) 1,360(1.06) 15,682(10.24) 9,053(6.20)
RAL_370 1,688(1.86) 1,760(1.15) 1,777(1.37) 1,990(1.28) 1,379(0.98)
RAL_371 817(0.97) 729(0.52) 850(0.69) 762(0.54) 835(0.62)
RAL_373 2,083(2.29) 2,035(1.30) 1,837(1.43) 5,030(3.31) 169,897(71.71)
RAL_374 1,131(1.32) 1,129(0.76) 1,024(0.81) 918(0.60) 753(0.55)
RAL_375 3,628(3.91) 4,226(2.70) 3,854(2.98) 28,320(17.12) 4,444(3.07)
RAL_377 1,996(2.14) 182,140(70.10) 112,491(56.01) 1,853(1.21) 1,672(1.15)
RAL_379 808(0.92) 650(0.45) 3,339(2.64) 930(0.63) 641(0.47)
RAL_380 3,968(4.65) 11,584(8.43) 13,953(11.18) 5,039(3.53) 5,583(4.26)
RAL_381 1,679(1.78) 169,856(68.54) 29,890(21.02) 2,206(1.45) 1,580(1.08)
RAL_383 1,594(1.78) 2,475(1.23) 1,545(1.22) 1,628(1.06) 1,175(0.84)
RAL_386 831(1.01) 902(0.52) 927(0.77) 728(0.55) 791(0.60)
RAL_391 3,491(3.51) 3,913(2.49) 25,692(17.80) 2,934(1.86) 2,976(1.94)
RAL_392 1,971(2.14) 1,721(1.14) 1,621(1.25) 36,277(22.51) 20,276(14.19)
RAL_399 1,533(1.69) 1,484(0.98) 1,716(1.32) 1,738(1.15) 1,513(1.05)
RAL_405 1,529(1.64) 150,280(65.53) 12,394(9.47) 1,193(0.79) 1,113(0.77)
RAL_406 2,107(2.31) 2,771(1.43) 1,749(1.36) 1,981(1.31) 1,697(1.22)
RAL_409 600(0.76) 599(0.44) 700(0.51) 538(0.39) 422(0.33)
RAL_426 1,604(1.76) 171,681(68.64) 134,814(68.21) 2,323(1.23) 1,301(0.91)
RAL_427 2,084(2.26) 2,149(1.41) 2,068(1.62) 2,096(1.34) 1,813(1.30)
RAL_437 1,484(1.66) 1,495(1.02) 1,508(1.21) 1,609(1.06) 1,270(0.93)
RAL_439 1,096(1.25) 951(0.65) 1,042(0.84) 868(0.60) 881(0.63)
RAL_440 1,172(1.32) 1,228(0.83) 1,261(1.00) 9,989(6.43) 159,475(68.70)
RAL_441 1,534(1.69) 1,581(1.05) 1,471(1.12) 1,527(0.99) 1,095(0.77)
RAL_443 2,090(2.27) 177,522(69.79) 14,532(11.05) 3,282(2.12) 6,111(4.11)
RAL_461 1,499(1.66) 1,284(0.87) 1,238(0.98) 1,278(0.85) 960(0.68)
RAL_486* 318(0.41) 2,014(1.57) 452(0.40) 561(0.43) 495(0.40)
RAL_491 1,124(1.26) 1,242(0.85) 1,348(1.06) 1,170(0.79) 1,153(0.81)
RAL_492 1,410(1.57) 2,597(1.28) 1,654(1.28) 1,811(1.17) 1,267(0.92)
RAL_502 1,832(1.97) 165,237(66.63) 1,698(1.31) 9,754(6.36) 1,428(1.00)
RAL_508 1,744(1.88) 1,577(1.05) 1,747(1.33) 1,925(1.23) 1,485(1.02)
RAL_509 1,302(1.44) 1,579(1.03) 1,557(1.20) 1,698(1.08) 1,296(0.90)
RAL_513 1,540(1.68) 1,485(1.00) 1,746(1.33) 10,259(6.59) 1,401(0.99)
RAL_517 7,398(7.69) 9,212(6.01) 8,501(6.41) 10,380(6.27) 8,987(6.10)
RAL_531 1,754(1.95) 1,757(1.17) 1,534(1.19) 1,791(1.18) 1,225(0.89)
RAL_535 1,114(1.21) 1,524(1.03) 1,892(1.49) 1,376(0.92) 1,282(0.89)
RAL_555 1,498(1.66) 1,411(0.92) 1,435(1.16) 1,265(0.85) 1,101(0.80)
RAL_563 2,129(2.37) 136,230(63.61) 114,565(63.48) 2,316(1.56) 2,437(1.70)
RAL_589 1,944(2.33) 3,806(2.75) 2,213(1.83) 2,334(1.64) 2,290(1.66)
RAL_591 1,018(1.15) 1,407(0.96) 1,232(0.99) 1,227(0.82) 1,135(0.80)
RAL_595 1,338(1.57) 2,166(1.12) 1,570(1.25) 1,683(1.18) 1,658(1.20)
RAL_639 1,726(1.91) 4,157(2.79) 1,330(1.07) 1,353(0.91) 1,295(0.93)
RAL_642 1,238(1.36) 1,247(0.87) 1,885(1.24) 1,160(0.78) 1,057(0.75)
RAL_646 1,011(1.14) 1,155(0.80) 935(0.77) 991(0.69) 2,004(1.04)
RAL_703 1,221(1.37) 1,088(0.72) 1,081(0.87) 1,350(0.89) 3,522(2.52)
RAL_705 1,204(1.34) 1,263(0.84) 1,218(0.98) 1,169(0.77) 999(0.72)
RAL_707 1,146(1.27) 1,280(0.85) 1,511(1.17) 8,048(5.34) 1,080(0.78)
RAL_712 993(1.12) 1,171(0.81) 1,233(1.00) 1,089(0.73) 921(0.65)
RAL_714 1,352(1.49) 46,938(28.06) 1,498(1.16) 1,449(0.95) 1,065(0.75)
RAL_716 1,017(1.19) 1,093(0.77) 1,257(1.01) 1,081(0.73) 1,041(0.73)
RAL_721 931(1.05) 1,002(0.69) 1,100(0.89) 1,610(0.89) 1,035(0.73)
RAL_727 2,425(2.57) 2,787(1.79) 2,330(1.80) 2,539(1.63) 2,266(1.54)
RAL_730 543(0.69) 402(0.30) 516(0.45) 479(0.36) 344(0.26)
RAL_732 1,172(1.27) 1,278(0.84) 1,384(1.09) 19,211(11.92) 145,664(66.35)
RAL_737 1,966(2.15) 1,835(1.23) 15,284(11.13) 76,942(42.37) 10,697(7.29)
RAL_738 1,893(2.03) 47,463(28.38) 4,912(3.78) 27,198(15.98) 143,296(68.62)
RAL_757 2,133(2.21) 2,272(1.44) 2,057(1.59) 2,156(1.39) 2,021(1.41)
RAL_761 1,138(1.27) 1,190(0.83) 1,786(1.40) 1,417(0.95) 1,282(0.91)
RAL_765 1,160(1.27) 1,298(0.88) 1,328(1.05) 1,321(0.87) 1,243(0.86)
RAL_774 1,393(1.58) 29,669(19.80) 43,042(30.38) 5,412(3.65) 7,623(5.47)
RAL_776 1,101(1.26) 42,204(26.72) 1,442(1.15) 1,642(1.07) 2,792(1.43)
RAL_783 1,386(1.54) 1,344(0.94) 1,490(1.19) 1,442(0.96) 1,278(0.89)
RAL_786 1,289(1.47) 1,228(0.83) 1,539(1.20) 1,332(0.89) 2,054(1.14)
RAL_787 1,310(1.46) 1,369(0.93) 17,806(13.23) 1,289(0.85) 9,491(6.56)
RAL_790 1,289(1.42) 1,348(0.92) 1,249(1.00) 1,176(0.77) 1,122(0.77)
RAL_796 1,540(1.61) 48,436(29.73) 13,974(10.52) 1,800(1.14) 1,343(0.92)
RAL_799 1,246(1.34) 1,255(0.87) 1,359(1.08) 1,050(0.70) 1,009(0.71)
RAL_801 836(0.99) 1,037(0.72) 663(0.55) 619(0.43) 685(0.48)
RAL_802 904(1.07) 97,887(53.99) 35,719(27.66) 31,647(20.73) 102,825(52.48)
RAL_804 1,300(1.45) 32,094(19.96) 21,496(15.64) 1,475(0.97) 16,797(11.29)
RAL_805 1,534(1.63) 1,584(1.06) 1,582(1.22) 1,652(1.10) 1,507(1.05)
RAL_808 861(1.00) 998(0.67) 1,054(0.85) 15,466(9.98) 23,151(16.41)
RAL_810 1,789(1.91) 1,798(1.20) 1,586(1.23) 4,643(3.01) 1,368(0.98)
RAL_812 1,644(1.83) 147,108(64.08) 3,792(2.58) 1,312(0.89) 1,371(0.98)
RAL_818 1,402(1.58) 1,363(0.91) 1,585(1.26) 34,862(21.42) 19,136(13.04)
RAL_820 1,996(2.23) 2,862(1.92) 2,491(1.99) 2,977(2.01) 2,192(1.62)
RAL_822 1,621(1.87) 7,203(5.05) 2,629(2.13) 11,387(7.59) 12,534(8.87)
RAL_832 1,350(1.58) 1,059(0.73) 914(0.76) 972(0.67) 800(0.59)
RAL_837 1,642(1.74) 2,149(1.08) 1,494(1.16) 1,617(1.06) 1,255(0.91)
RAL_852 3,109(3.25) 2,856(1.91) 3,979(2.62) 3,251(2.06) 3,049(2.06)
RAL_855 1,826(2.02) 1,225(0.83) 1,194(0.97) 1,427(0.95) 71,603(44.62)
RAL_857 2,036(2.25) 24,783(15.21) 134,221(63.57) 7,124(4.63) 20,620(13.64)
RAL_859 1,111(1.25) 928(0.66) 1,295(1.03) 1,217(0.81) 1,094(0.77)
RAL_861 866(1.02) 817(0.56) 984(0.81) 23,771(15.82) 694(0.51)
RAL_879 770(0.93) 938(0.68) 892(0.72) 804(0.55) 701(0.51)
RAL_882 1,597(1.78) 1,767(1.20) 1,704(1.34) 1,892(1.26) 1,734(1.21)
RAL_884 918(1.01) 984(0.66) 1,104(0.86) 5,263(3.50) 141,234(65.68)
RAL_887 1,462(1.67) 1,816(1.20) 3,757(2.94) 1,300(0.87) 1,185(0.83)
RAL_890 1,688(1.90) 1,622(1.08) 1,584(1.23) 13,412(8.61) 1,241(0.85)
RAL_892 1,850(1.94) 1,928(1.26) 1,776(1.37) 1,771(1.11) 10,999(7.38)
RAL_894 1,411(1.59) 2,084(1.10) 1,343(1.04) 1,122(0.74) 1,178(0.84)
RAL_897 2,052(2.25) 2,512(1.60) 2,355(1.81) 2,376(1.56) 2,274(1.54)
RAL_907 3,498(3.88) 1,668(1.12) 1,468(1.18) 35,671(21.49) 124,674(64.14)
RAL_908 2,221(2.38) 2,065(1.39) 12,326(9.37) 2,058(1.34) 1,622(1.16)
RAL_911 1,044(1.25) 1,360(0.93) 1,196(0.96) 1,126(0.75) 6,843(4.83)}